1593043784801 42.17599034309387 0
1593043826925 42.11636781692505 1
1593043866836 39.90497159957886 2
1593043904135 37.29478907585144 3
1593043940917 36.77521467208862 4
1593043977917 36.995542764663696 5
1593044015256 37.33245134353638 6
1593044052249 36.9882755279541 7
1593044089087 36.831501960754395 8
1593044126068 36.97427439689636 9
1593044162897 36.82504677772522 10
1593044199595 36.691896200180054 11
1593044236314 36.71301221847534 12
1593044273086 36.768126249313354 13
1593044309875 36.783714056015015 14
1593044346784 36.90461277961731 15
1593044383687 36.89562177658081 16
1593044420614 36.92340612411499 17
1593044457412 36.79316806793213 18
1593044494292 36.8731529712677 19
